1 50 10 100
2 51 240 124
3 51 354 221
4 51 469 336
5 51 631 407
6 51 918 498
7 51 1528 808
8 51 2156 1155
9 51 2572 1419
10 51 3191 1738
11 51 3604 1792
12 51 3710 1976
13 51 3909 2222
14 51 4408 2421
15 51 4770 2626
16 51 5289 2775
17 51 6042 3073
18 51 4930 3297
19 51 5485 3465
20 51 6308 3889
21 51 6092 4044
22 51 6199 4213
23 51 5818 4304
24 51 6276 4442
25 51 6179 4660
26 51 6089 4802
27 51 6826 5125
28 51 6850 5252
29 51 7172 5440
30 51 7105 5532
31 51 6976 5643
32 51 7211 6010
33 51 8404 6276
34 51 8279 6616
35 51 8673 6784
36 51 9040 6954
37 51 9057 7251
38 51 8954 7524
39 51 9276 7783
40 51 9766 7975
41 51 10250 8244
42 51 10590 8508
43 51 10988 8756
44 51 9433 9020
45 51 9655 9239
46 51 9606 9413
47 51 9954 9741
48 51 10212 9940
49 51 10587 10356
50 51 10868 10568
51 51 10696 10720
52 51 10895 10984
53 51 11097 11295
54 51 10613 11473
55 51 10763 11712
56 51 10577 11888
57 51 10890 12242
58 51 10474 12401
59 51 10708 12480
60 51 11105 13044
61 51 11341 13070
62 51 11992 13305
63 51 12418 13561
64 51 12726 13745
65 51 12978 13886
66 51 13125 14134
67 51 13334 14448
68 51 13718 14762
69 51 13586 14944
70 51 13804 14957
71 51 13702 14838
72 51 13946 14969
73 51 13920 14917
74 51 13898 15326
75 51 13882 15577
76 51 13291 15601
77 51 13597 15803
78 51 13929 15956
79 51 14270 16213
80 51 14124 16296
81 51 14262 16697
82 51 14250 17013
83 51 14257 17006
84 51 14491 17370
85 51 14847 17581
86 51 14928 17680
87 51 14888 17761
88 51 15076 17824
89 51 15304 18146
90 51 15294 18109
91 51 14985 18163
92 51 15295 18320
93 51 15607 18580
94 51 16049 18918
95 51 15940 18946
96 51 16316 19261
97 51 16124 19438
98 51 16254 19695
99 51 16500 19877
100 51 16536 20020
101 51 16310 20012
102 51 16678 20284
103 51 16969 20472
104 51 17540 21052
105 51 17744 21374
106 51 17367 21516
107 51 17503 21434
108 51 17721 21604
109 51 17856 21738
110 51 18353 22181
111 51 17814 22003
112 51 17820 21963
113 51 18155 22159
114 51 18403 22677
115 51 18576 22709
116 51 18517 22732
117 51 18972 23168
118 51 19461 23548
119 51 19745 23865
120 51 19742 23778
121 51 19977 23791
122 51 19765 23727
123 51 19849 23965
124 51 19768 23858
125 51 19675 23852
126 51 20047 24260
127 51 20014 24325
128 51 20101 24474
129 51 19506 24453
130 51 19751 24486
131 51 19741 24541
132 51 19485 24700
133 51 19679 24876
134 51 19745 25177
135 51 19958 25184
136 51 20116 25113
137 51 20101 25107
138 51 20302 25065
139 51 20495 25251
140 51 20862 25562
141 51 21048 25538
142 51 21296 25716
143 51 21325 25756
144 51 21632 26119
145 51 21745 25863
146 51 21893 25660
147 51 21887 25493
148 51 22129 26000
149 51 22197 25929
150 51 21941 26250
151 51 21936 26654
152 51 21972 26723
153 51 22136 26660
154 51 22177 27066
155 51 21815 27334
156 51 21970 27578
157 51 22771 28412
158 51 22866 28534
159 51 22714 28704
160 51 22782 28607
161 51 22765 28391
162 51 22836 28360
163 51 22146 28159
164 51 21715 28382
165 51 22108 28680
166 51 22429 29096
167 51 22692 29992
168 51 22820 29960
169 51 22917 30231
170 51 22880 30414
171 51 22964 30528
172 51 23253 31060
173 51 22809 31035
174 51 23083 31565
175 51 23444 31922
176 51 23756 32909
177 51 23169 32775
178 51 23454 33043
179 51 24362 33926
180 51 24660 34428
181 51 25517 35054
182 51 25803 35171
183 51 26054 35090
184 51 26202 34921
185 51 26519 34975
186 51 25720 34350
187 51 26718 35627
188 51 26895 35503
189 51 26793 35439
190 51 27046 35413
191 51 26851 35459
192 51 26926 35397
193 51 26664 35497
194 51 26966 35625
195 51 27302 35783
196 51 27477 35734
197 51 27863 36044
198 51 27923 35979
199 51 27815 35784
200 51 27926 35655
201 51 27866 35912
